analyzer_threshold_l:3.6e-05
analyzer_threshold_r:4.6e-05
angle_deg:26.328319468125233
distance_L_m:0.41311808472899997
distance_R_m:0.457118218711
