analyzer_threshold_l:3.6e-05
analyzer_threshold_r:2.6e-05
angle_deg:28.47543515857612
distance_L_m:0.42205961590100005
distance_R_m:0.46976265920500004
