analyzer_threshold_l:1e-05
analyzer_threshold_r:1e-06
angle_deg:21.094635501315768
distance_L_m:0.41334703071199996
distance_R_m:0.44914727875499993
