analyzer_threshold_l:1.2e-05
analyzer_threshold_r:2e-06
angle_deg:26.42100826383978
distance_L_m:0.41559336240799993
distance_R_m:0.459608611371
