analyzer_threshold_l:8e-06
analyzer_threshold_r:2e-06
angle_deg:26.385479730646782
distance_L_m:0.404832365441
distance_R_m:0.44964951101699996
